"ID","Description","setSize","enrichmentScore","NES","pvalue","p.adjust","qvalue","rank","leading_edge","core_enrichment","log2err"
"WP_PREIMPLANTATION_EMBRYO","WP_PREIMPLANTATION_EMBRYO","31","-0.6582120687614761","-2.148378729119695","0.0000247161361235955584","0.0037898075389513194","0.0025528377817136075","2088","tags=55%, list=17%, signal=46%","EGR1/FOXQ1/TBX3/ESRRA/CDX2/BATF3/ZFP36L2/HNRNPAB/FOXD1/KHSRP/TEAD4/ZFP36/GATA2/KLF4/SMARCA4/SOX8/HMGA1","0.5756102610711286"
"WP_ELECTRON_TRANSPORT_CHAIN_OXPHOS_SYSTEM_IN_MITOCHONDRIA","WP_ELECTRON_TRANSPORT_CHAIN_OXPHOS_SYSTEM_IN_MITOCHONDRIA","100","-0.5101326949131511","-2.120052579748910","0.0000007558065689272577","0.0006953420434130771","0.0004683866981092224","2806","tags=44%, list=23%, signal=34%","NDUFA11/ATP5MC1/NDUFA1/NDUFS3/COX17/COX11/NDUFB9/NDUFA8/ATP5IF1/ATP5F1E/NDUFA9/COX6C/COX7A2/SURF1/UQCRC1/SDHA/NDUFB10/ATP5MC3/NDUFB3/COX6B1/COX5A/COX4I1/NDUFS2/UQCRQ/ATP5ME/COX7B/NDUFC1/NDUFAB1/ATP5F1B/SDHB/ATP5MC2/COX5B/NDUFS5/UQCRFS1/NDUFB2/SLC25A5/COX8A/NDUFB6/NDUFV1/NDUFS7/NDUFS8/NDUFB7/ATP5F1D/COXFA4","0.6594443980379349"
"WP_BARDETBIEDL_SYNDROME","WP_BARDETBIEDL_SYNDROME","76","0.5039478112273543","2.106588713349260","0.0000023805132005889610","0.0010950360722709221","0.0007376230663169807","2980","tags=45%, list=24%, signal=34%","WDR19/GLI2/CEP290/PKD2/LCA5/EFHC1/DYNC2H1/TTC21B/ARL6/DYNC2I1/USP9X/RP2/PTCH1/DYNC2LI1/CFAP418/NEK1/ARL13B/BBS10/NEK8/BBS1/TTC8/IFT57/BBS7/IFT80/WDR35/IFT74/IQCB1/OCRL/ZIC2/BBS2/CLUAP1/TMEM67/SCAPER/IFT81","0.6272567397185284"
"WP_GENES_RELATED_TO_PRIMARY_CILIUM_DEVELOPMENT_BASED_ON_CRISPR","WP_GENES_RELATED_TO_PRIMARY_CILIUM_DEVELOPMENT_BASED_ON_CRISPR","100","0.4544940742038314","1.982186064196304","0.0000101663667648215270","0.0018706114847271611","0.0012600554577080925","3633","tags=45%, list=29%, signal=32%","WDR19/CPLANE1/DYNC2H1/MIB1/TTC21B/ARL6/DYNC2I1/IFT56/TTBK2/KIF3A/TUBE1/EFCAB7/TCTN1/DYNC2LI1/TRAPPC11/IFT20/TULP3/CC2D2A/ARL13B/OFD1/BBS10/CEP295/RPGRIP1L/BBS1/TTC8/IFT57/BBS7/IFT80/WDR35/IFT74/CEP44/KIFAP3/TMEM17/BBS2/CLUAP1/TMEM67/IFT81/C2CD3/CEP97/CILK1/PIBF1/CEP120/IFT88/BBS4/LZTFL1","0.5933254763964051"
"WP_DEVELOPMENT_OF_URETERIC_DERIVED_COLLECTING_SYSTEM","WP_DEVELOPMENT_OF_URETERIC_DERIVED_COLLECTING_SYSTEM","25","0.6116805508173794","1.964272698383920","0.0003463438551290598348","0.0289669406107940959","0.0195123102299679281","1639","tags=48%, list=13%, signal=42%","GPC3/SPRY1/GLI2/PAX2/CELSR1/CRIM1/BMPR2/GDF11/BMPR1A/GRIP1/SMAD1/FRAS1","0.4984931087665903"
"WP_OXIDATIVE_PHOSPHORYLATION","WP_OXIDATIVE_PHOSPHORYLATION","58","-0.5140944569436168","-1.943210126360351","0.0002283216063382077494","0.0233395419812390155","0.0157216597321152667","2163","tags=36%, list=18%, signal=30%","NDUFB9/NDUFA8/ATP5F1E/NDUFA9/NDUFB10/ATP5MC3/NDUFS2/ATP5ME/NDUFC1/NDUFAB1/ATP5F1B/ATP5MC2/NDUFS5/NDUFB2/NDUFB6/NDUFV1/NDUFS7/NDUFS8/NDUFB7/ATP5F1D/COXFA4","0.5188480777437918"
"WP_TELOMERE_END_PACKAGING_AND_NEURODEVELOPMENTAL_DISORDERS","WP_TELOMERE_END_PACKAGING_AND_NEURODEVELOPMENTAL_DISORDERS","29","-0.5958986751105533","-1.894271610973452","0.0006013247891394052748","0.0425552927698656033","0.0286655082291745675","3797","tags=69%, list=31%, signal=48%","H2AZ2/H2BC12/H2BC26/H4C9/H4C3/H2BC13/H2AZ1/H4C5/H2AX/H2BC4/H2BC9/H2AC8/H2BC11/H4C8/TINF2/H2BC21/H2BC17/H2AC6/ACD/H2BC5","0.4772708153628621"
"WP_CYTOPLASMIC_RIBOSOMAL_PROTEINS","WP_CYTOPLASMIC_RIBOSOMAL_PROTEINS","85","-0.4628657436462897","-1.892912075850138","0.0001253248755952640809","0.0164712693639489927","0.0110951488467158736","3068","tags=44%, list=25%, signal=33%","RPL19/RPS19/RPLP1/RPS5/RPL37/RPS15A/RPL35A/RPL10/UBA52/RPL28/RPL37A/RPL23A/RPS9/RPS6KA1/RPL12/RPL38/RPS14/RPS28/RPL36/RPL27/RPL31/RPLP2/RPS6KB2/RPL41/RPL30/RPS26/RPS2/RPS29/RPS21/RPS7/RPS16/RPL8/RPL35/FAU/RPS15/RPL18/RPL13","0.5188480777437918"
"WP_PARKINUBIQUITIN_PROTEASOMAL_SYSTEM_PATHWAY","WP_PARKINUBIQUITIN_PROTEASOMAL_SYSTEM_PATHWAY","61","-0.5031386260766715","-1.884822798037289","0.0003119245203668913314","0.0286970558737540023","0.0193305142030344816","2758","tags=46%, list=22%, signal=36%","HSPA1A/PSMD14/TUBB/PSMD6/SIAH2/PSMC1/PSMD13/TUBA1B/GPR37/PSMC3/TUBB4B/TUBB3/PSMC5/PSMD4/UBE2J2/PSMD11/TUBA1C/UBE2L3/PSMD2/HSPA5/HSPA8/PSMC4/TUBB6/PSMD8/PSMD3/TUBB2A/UBA1/STUB1","0.4984931087665903"
"WP_7Q1123_COPY_NUMBER_VARIATION_SYNDROME","WP_7Q1123_COPY_NUMBER_VARIATION_SYNDROME","93","-0.4519033846923346","-1.872937549883627","0.0001946695661773840448","0.0223870001103991662","0.0150800216405891224","2171","tags=32%, list=18%, signal=27%","USF1/VPS37D/RFC2/ATP5F1E/DLST/BRD4/EIF4H/ATP5MC3/TBL2/BCL7B/UBIAD1/NUP62/ABHD11/VPS37B/MVB12A/ATP5F1B/VPS28/ATP5MC2/ATF4/VPS37C/CLDN4/STX1A/MYC/MYO1C/CFL1/BUD23/ATP5F1D/CLDN3/FZD9/HMGA1","0.5188480777437918"
"WP_CILIOPATHIES","WP_CILIOPATHIES","157","0.3985450768914205","1.865005569076374","0.0000086744634180940975","0.0018706114847271611","0.0012600554577080925","3641","tags=44%, list=30%, signal=31%","WDR19/GLI2/CEP290/PKD2/LCA5/CPLANE1/EFHC1/DYNC2H1/TTC21B/ARL6/DYNC2I1/USP9X/RP2/TTBK2/AHI1/ATXN10/TCTN1/DNAAF4/KIZ/DYNC2LI1/CFAP418/NEK9/NME9/NEK1/RSPH3/CC2D2A/ARL13B/CFAP298/FAM161A/OFD1/BBS10/NEK8/RPGRIP1L/BBS1/TTC8/ADCY6/MCIDAS/IFT57/NPHP1/BBS7/IFT80/WDR35/TBC1D32/IQCB1/RSPH1/OCRL/TMEM17/ZIC2/DNAAF11/DNAAF1/SPATA7/BBS2/CLUAP1/NME7/TMEM67/IFT81/TAPT1/C2CD3/DNAI1/SPAG1/ODAD1/CILK1/PIBF1/CEP120/CNGA1/INVS/BBS4/LZTFL1/CSPP1","0.5933254763964051"
"WP_HIF1A_AND_PPARG_IN_HYPERTROPHIC_CARDIOMYOPATHY","WP_HIF1A_AND_PPARG_IN_HYPERTROPHIC_CARDIOMYOPATHY","8","0.7740295675296912","1.853139877118220","0.0021002767669191257406","0.0887193808329891365","0.0597619232725902227","3","tags=12%, list=0%, signal=13%","HIF1A","0.4317076958033464"
"WP_MAMMARY_GLAND_DEVELOPMENT_PUBERTY_STAGE_2_OF_4","WP_MAMMARY_GLAND_DEVELOPMENT_PUBERTY_STAGE_2_OF_4","11","-0.7354207567775296","-1.836597569811553","0.0013916413779202433786","0.0800193792304139950","0.0539015484214260404","747","tags=55%, list=6%, signal=51%","ERBB2/FOSL1/MYC/TIMP1/VIM/AREG","0.4550598673872295"
"WP_MITOCHONDRIAL_COMPLEX_IV_ASSEMBLY","WP_MITOCHONDRIAL_COMPLEX_IV_ASSEMBLY","33","-0.5399561446751786","-1.834231874730265","0.0050759253467871148779","0.1556617106348048563","0.1048546903742399033","3263","tags=61%, list=26%, signal=45%","COX10/COX6A1/CMC1/COX19/TACO1/PET100/COX17/COX11/COX6C/COX7A2/SURF1/COX6B1/COX5A/COX4I1/COX7B/COX5B/COX8A/TMEM177/COA3/COXFA4","0.4070179189239539"
"WP_PREGNANE_X_RECEPTOR_PATHWAY","WP_PREGNANE_X_RECEPTOR_PATHWAY","15","0.6411704469969322","1.833465141843515","0.0046531276112426935704","0.1476164621497682017","0.0994353612698498507","2092","tags=53%, list=17%, signal=44%","FOXO1/CYP3A5/NRIP1/CYP3A7/NCOA2/NCOA1/ABCC3/NCOA3","0.4070179189239539"
"WP_HEREDITARY_LEIOMYOMATOSIS_AND_RENAL_CELL_CARCINOMA_PATHWAY","WP_HEREDITARY_LEIOMYOMATOSIS_AND_RENAL_CELL_CARCINOMA_PATHWAY","19","0.6062447640615907","1.830225436049964","0.0019235549236426236017","0.0887193808329891365","0.0597619232725902227","1115","tags=32%, list=9%, signal=29%","HIF1A/PDK1/SLC11A2/NFE2L2/VEGFA/PRKAA1","0.4550598673872295"
"WP_7Q1123_DISTAL_COPY_NUMBER_VARIATION","WP_7Q1123_DISTAL_COPY_NUMBER_VARIATION","18","-0.6291279507675338","-1.828710008477090","0.0036986427870801621455","0.1260278283005092370","0.0848931240771876316","1113","tags=39%, list=9%, signal=35%","STYXL1/POR/LMNA/HSPB1/KIF1C/TMEM120A/SFN","0.4317076958033464"
"WP_PROTEASOME_DEGRADATION","WP_PROTEASOME_DEGRADATION","58","-0.4810749813518022","-1.818400806846214","0.0010098900088849529361","0.0619399205449437801","0.0417231133080772781","2246","tags=48%, list=18%, signal=40%","PSMD6/PSMB5/RPN2/PSMC1/RPN1/PSMD13/PSMC3/UBE2D2/PSMA5/PSMA3/PSMB1/PSMC5/PSMD4/UBB/PSMD11/PSMB9/PSMB2/PSMB7/PSME2/PSMD2/PSMB4/PSMC4/PSMA7/PSMD8/PSMD3/PSMB6/PSMB3/UBA1","0.4550598673872295"
"WP_AKT_SIGNALING_AND_ARTD_FAMILY_MEMBERS","WP_AKT_SIGNALING_AND_ARTD_FAMILY_MEMBERS","30","0.5368673546544714","1.814138009364131","0.0021215504112236530446","0.0887193808329891365","0.0597619232725902227","1874","tags=37%, list=15%, signal=31%","AKT3/FOXO1/PDK1/PIK3C2A/RICTOR/TSC1/ATM/PIK3CA/PARP3/PIK3R1/GSK3B","0.4317076958033464"
"WP_LUNG_PATHOLOGY_OF_COVID19","WP_LUNG_PATHOLOGY_OF_COVID19","13","0.6664415700231009","1.809995496710002","0.0042899087892680530867","0.1409541459330931612","0.0949475838888492463","611","tags=31%, list=5%, signal=29%","TLR3/TBK1/IL6/CCL2","0.4070179189239539"
"WP_TYROSINE_KINASE_INHIBITORS_IN_GLIOBLASTOMA","WP_TYROSINE_KINASE_INHIBITORS_IN_GLIOBLASTOMA","26","0.5360801461943137","1.774068019577900","0.0021117947074261768370","0.0887193808329891365","0.0597619232725902227","1871","tags=42%, list=15%, signal=36%","AKT3/PDK1/SOS2/TSC1/JAK2/KRAS/PTEN/BTC/EGF/SOS1/TGFA","0.4317076958033464"
"WP_STRIATED_MUSCLE_CONTRACTION_PATHWAY","WP_STRIATED_MUSCLE_CONTRACTION_PATHWAY","18","-0.6097004146506202","-1.772239254485463","0.0070423749780320560668","0.1905583817585144446","0.1283613037272998136","1098","tags=28%, list=9%, signal=25%","TPM4/TPM3/ACTG1/ACTN4/VIM","0.4070179189239539"
"WP_NEUROGENESIS_REGULATION_IN_THE_OLFACTORY_EPITHELIUM","WP_NEUROGENESIS_REGULATION_IN_THE_OLFACTORY_EPITHELIUM","35","-0.5199287801246302","-1.767072264822197","0.0055009999472069824600","0.1581537484822007344","0.1065333424706608328","1940","tags=37%, list=16%, signal=31%","NDEL1/HES1/NUMB/CDK5/TCF3/MARK2/MYC/NUMBL/RTN4R/RTN4/PLXND1/NTRK2/JAG1","0.4070179189239539"
"WP_HDAC6_INTERACTIONS_IN_THE_CENTRAL_NERVOUS_SYSTEM","WP_HDAC6_INTERACTIONS_IN_THE_CENTRAL_NERVOUS_SYSTEM","96","-0.4244016687130244","-1.739373478402012","0.0009736230451072276984","0.0619399205449437801","0.0417231133080772781","2707","tags=39%, list=22%, signal=30%","KAT5/CSNK2A2/AURKA/XRCC6/TUBB/VCP/BIRC5/EGFR/PARK7/ARID3A/CDC20/AKT1/TUBB3/PRDX2/CSNK2B/SOD1/GSK3A/TUBA1C/BAX/ELP3/HSPA8/ACTR1A/MYH9/MIIP/HSF1/NDUFV1/GRK2/HSPB1/DCTN1/NR3C1/PPP1CA/MAP1LC3A/ATP13A2/ISG15/STUB1/PXN/VIM","0.4772708153628621"
"WP_NAD_METABOLISM_SIRTUINS_AND_AGING","WP_NAD_METABOLISM_SIRTUINS_AND_AGING","10","0.6832550532107735","1.737448333389413","0.0113090246354288163216","0.2477214920141550258","0.1668667281007073511","31","tags=20%, list=0%, signal=20%","HIF1A/FOXO1","0.3807304007227924"
"WP_ANGIOGENESIS","WP_ANGIOGENESIS","16","0.5970107067773588","1.731993777467577","0.0090142369536177213707","0.2241377837115757499","0.1509805964254305743","1632","tags=38%, list=13%, signal=33%","HIF1A/VEGFA/TIMP2/PTK2/PIK3CA/SMAD1","0.3807304007227924"
"WP_NITRIC_OXIDE_METABOLISM_IN_CYSTIC_FIBROSIS","WP_NITRIC_OXIDE_METABOLISM_IN_CYSTIC_FIBROSIS","10","-0.7187894876665142","-1.722020357559404","0.0073610452479146845292","0.1934903322309002582","0.1303362836868601493","2347","tags=70%, list=19%, signal=57%","PRMT2/NOS2/PRMT7/PRMT1/DDAH2/PRMT5/CARM1","0.4070179189239539"
"WP_1P36_COPY_NUMBER_VARIATION_SYNDROME","WP_1P36_COPY_NUMBER_VARIATION_SYNDROME","78","-0.4297332767626597","-1.717503226922144","0.0023189634182072789773","0.0888935976979457060","0.0598792768295985309","1720","tags=35%, list=14%, signal=30%","NOC2L/MEPCE/PANK4/KLHL17/PUSL1/UBE2J2/NADK/B3GALT6/SSU72/SDF4/PEX5/FAAP20/VWA1/HSPA8/CPTP/ATAD3A/TGFB1/HES4/GNB1/TMEM52/TNFRSF18/ATAD3B/MIB2/DVL1/AURKAIP1/ISG15/SKI","0.4317076958033464"
"WP_OVERVIEW_OF_NANOPARTICLE_EFFECTS","WP_OVERVIEW_OF_NANOPARTICLE_EFFECTS","13","0.6313618929036714","1.714722241756822","0.0107184943274070999808","0.2462003566381698316","0.1658420819098375687","1341","tags=46%, list=11%, signal=41%","AKT3/IL6/CXCL8/BCL2/PTK2/FN1","0.3807304007227924"
"WP_BMP2WNT4FOXO1_PATHWAY_IN_PRIMARY_ENDOMETRIAL_STROMAL_CELL_DIFFERENTIATION","WP_BMP2WNT4FOXO1_PATHWAY_IN_PRIMARY_ENDOMETRIAL_STROMAL_CELL_DIFFERENTIATION","6","0.8014565398410187","1.712502450593576","0.0095570147092409862138","0.2313803561184659685","0.1558592379625208801","1632","tags=83%, list=13%, signal=72%","FOXO1/SMAD5/SMAD9/BCL2L11/SMAD1","0.3807304007227924"
"WP_CAFFEINE_IN_MYOCYTES","WP_CAFFEINE_IN_MYOCYTES","16","-0.6191602940650898","-1.703816074758099","0.0065027461897420452130","0.1812886816534146073","0.1221171764437275903","2407","tags=44%, list=20%, signal=35%","TNNT1/MYH11/TPM2/TPM4/TPM3/ACTB/ACTG1","0.4070179189239539"
"WP_TYPE_I_INTERFERON_INDUCTION_AND_SIGNALING_DURING_SARSCOV2_INFECTION","WP_TYPE_I_INTERFERON_INDUCTION_AND_SIGNALING_DURING_SARSCOV2_INFECTION","24","0.5228983006276602","1.700836864636803","0.0120326775339317151164","0.2515923484367540430","0.1694741609113808722","2263","tags=38%, list=18%, signal=31%","STAT2/TLR2/EIF2AK2/TLR3/TBK1/IRAK4/STAT1/OAS3/OAS2","0.3807304007227924"
"WP_VEGFAVEGFR2_SIGNALING","WP_VEGFAVEGFR2_SIGNALING","364","-0.3473358719033304","-1.698841583659838","0.0000049142148777471364","0.0015070258958424553","0.0010151419578398897","1794","tags=25%, list=15%, signal=22%","NAPA/RAP1B/HRAS/AKT1/YWHAE/MTOR/LRRFIP2/F3/FLNB/ACOT9/FHL2/PPM1G/NUMB/IER5/PSMD4/ALDOA/BSG/PGF/TAOK2/MLST8/ACP1/PSMD11/MAP2K7/RPL27/RPLP2/PRDX2/MAP2K1/DUSP5/NR4A3/ARPC5L/CRK/FJX1/SH3BGRL3/NFATC1/STIP1/FADD/P4HB/CHAC1/TUBA1C/EGR3/CDC42BPB/CCDC124/CCT7/HYOU1/CTNNA1/EIF4G1/EIF3F/HGS/PRKD2/C15orf39/ATF4/AP2S1/TMSB4X/TPM3/LRRC59/RELA/TEAD4/ABCF2/AP2A1/DLL4/RAPGEF1/MYH9/ELK1/GIPC1/NRARP/BCAR1/GATA2/PRKCD/FLII/SARS1/ACTG1/FXR2/CAPZB/MYO1C/HSPB1/EPN1/FSCN1/CFL1/SLC7A1/SDF2L1/PPP1CA/CSK/TMSB10/CLIC1/MAP2K3/PFN1/GPX1/GPC1/CAPN2/JAG1/PXN/EPHA2","0.6105268783859310"
"WP_TARGETED_AGENTS_IN_TRIPLE_NEGATIVE_BREAST_CANCER","WP_TARGETED_AGENTS_IN_TRIPLE_NEGATIVE_BREAST_CANCER","35","0.4764650448805284","1.697112974812034","0.0117878568705126803712","0.2515923484367540430","0.1694741609113808722","1723","tags=31%, list=14%, signal=27%","AKT3/PDK1/SOS2/RICTOR/TSC1/BRAF/KRAS/PTEN/PIK3CA/PIK3R1/SOS1","0.3807304007227924"
"WP_22Q112_DISTAL_CNV","WP_22Q112_DISTAL_CNV","125","-0.3958350409716823","-1.696982647675826","0.0005392074301409141958","0.0413392363108034261","0.0278463650823302690","2166","tags=29%, list=18%, signal=24%","SNW1/RACK1/PRPF8/RPS14/BCR/RPS28/SF3A3/SF3A2/EFTUD2/SF3B2/RILP/DHX16/SNRPB2/XAB2/SF3A1/UBE2L3/HYOU1/HSPA5/RPS26/RPS2/SF3B4/RPS29/RPS21/SNRPD2/RPS7/PTPA/SNRPB/RPS16/FAU/RPS15/RNF19B/SDF2L1/UBA1/SF3B5/ELOB/YDJC","0.4772708153628621"
"WP_SENESCENCEASSOCIATED_SECRETORY_PHENOTYPE_SASP","WP_SENESCENCEASSOCIATED_SECRETORY_PHENOTYPE_SASP","83","-0.4144682200374826","-1.676477980960789","0.0022435516630420425897","0.0888935976979457060","0.0598792768295985309","3835","tags=57%, list=31%, signal=39%","ANAPC15/H2AZ2/H2BC12/H2BC26/UBE2C/MAPK3/MAPK7/H3C2/H4C9/H2BC7/H4C3/H2BC13/H3C8/ANAPC2/H3-3B/H2AZ1/H4C5/CDC26/CDKN2D/CCNA2/CDKN2C/EHMT1/UBA52/H2AX/H2BC4/RPS6KA1/H3C11/H2BC9/H3C10/H2AC8/H2BC11/H2BC6/H4C8/CDKN1A/H3C1/H2BC21/UBB/UBE2S/H2BC8/H2BC17/FZR1/H2AC6/CEBPB/RELA/H2BC5/ANAPC11/CDKN2A","0.4317076958033464"
"WP_GANGLIO_SERIES_SPHINGOLIPID_METABOLISM","WP_GANGLIO_SERIES_SPHINGOLIPID_METABOLISM","9","-0.7038385155073884","-1.673156366434299","0.0219434614674547633084","0.3154372585946622065","0.2124804869968260623","3283","tags=78%, list=27%, signal=57%","B4GALNT1/ST3GAL2/ST3GAL1/NEU3/HEXB/HEXA/ST3GAL4","0.3524878575836192"
"WP_5Q35_COPY_NUMBER_VARIATION","WP_5Q35_COPY_NUMBER_VARIATION","89","-0.4128350734978798","-1.669885066217265","0.0018434044900394893317","0.0887193808329891365","0.0597619232725902227","2040","tags=30%, list=17%, signal=25%","TPM2/TRIAP1/GNAI3/COX6C/PDLIM7/GNAI2/COX6B1/COX5A/COX4I1/RGS14/PNPLA2/COX7B/COX5B/CLTB/TSPAN17/MYC/PRR7/COX8A/NOP16/LMAN2/TMED9/DBN1/GRK6/GPRIN1/PRELID1/NELFB/KDM6B","0.4550598673872295"
"WP_METHIONINE_METABOLISM_LEADING_TO_SULFUR_AMINO_ACIDS_AND_RELATED_DISORDERS","WP_METHIONINE_METABOLISM_LEADING_TO_SULFUR_AMINO_ACIDS_AND_RELATED_DISORDERS","8","0.6971913254765953","1.669177898907624","0.0184399605672299210513","0.3029422093187772447","0.2040637445770569214","2261","tags=50%, list=18%, signal=41%","MTR/CSAD/MAT1A/MAT2B","0.3524878575836192"
"WP_LUPUS_THERAPIES","WP_LUPUS_THERAPIES","8","0.6949235592346581","1.663748535184054","0.0198721471407407417054","0.3098707689742624116","0.2087308651839976936","2937","tags=62%, list=24%, signal=48%","IL6/C3/TNFSF13B/C2/C4A","0.3524878575836192"
"WP_PURINERGIC_SIGNALING","WP_PURINERGIC_SIGNALING","13","-0.6279203721223194","-1.658375341376443","0.0180079380597819617427","0.3029422093187772447","0.2040637445770569214","2557","tags=69%, list=21%, signal=55%","ADORA2A/PANX1/GNAI3/GNAI2/P2RY2/P2RY11/GNAS/ADORA2B/GNA11","0.3524878575836192"
"WP_16P122_COPY_NUMBER_VARIATION_SYNDROME_520KB","WP_16P122_COPY_NUMBER_VARIATION_SYNDROME_520KB","48","-0.4586995472650293","-1.653390130250614","0.0052692773821392752467","0.1563785545667139565","0.1053375608773357147","2765","tags=40%, list=22%, signal=31%","MAPK11/NDUFS3/RPS6KA1/RAB5IF/CDR2/NDUFA9/MTOR/UQCRC1/COX5A/MLST8/UQCRQ/MAP2K1/POLR3E/CALM3/UQCRFS1/NDUFV1/NDUFS8/CYC1/COXFA4","0.4070179189239539"
"WP_NONALCOHOLIC_FATTY_LIVER_DISEASE","WP_NONALCOHOLIC_FATTY_LIVER_DISEASE","135","-0.3743579710878293","-1.642119874890019","0.0016311829651186049439","0.0882757839946539113","0.0594631137005705857","1852","tags=29%, list=15%, signal=25%","NDUFA9/COX6C/EIF2S1/AKT1/COX7A2/UQCRC1/SDHA/NDUFB10/NDUFB3/COX6B1/COX5A/COX4I1/NDUFS2/UQCRQ/AKT2/SREBF1/COX7B/NDUFC1/NDUFAB1/GSK3A/BAX/SDHB/COX5B/NDUFS5/UQCRFS1/NDUFB2/ATF4/RELA/COX8A/TGFB1/NDUFB6/NDUFV1/NDUFS7/NDUFS8/CYC1/MAP3K11/NDUFB7/COXFA4/SOCS3","0.4550598673872295"
"WP_PHOTODYNAMIC_THERAPYINDUCED_HIF1_SURVIVAL_SIGNALING","WP_PHOTODYNAMIC_THERAPYINDUCED_HIF1_SURVIVAL_SIGNALING","28","0.4823196711246291","1.639532966818127","0.0214148452602812532086","0.3154372585946622065","0.2124804869968260623","896","tags=21%, list=7%, signal=20%","HIF1A/BNIP3L/SLC2A3/PGK1/PMAIP1/VEGFA","0.3524878575836192"
"WP_JAKSTAT_SIGNALING_AND_ARTD_FAMILY_MEMBERS","WP_JAKSTAT_SIGNALING_AND_ARTD_FAMILY_MEMBERS","14","0.5801209781138843","1.629002619486334","0.0244345335972990206075","0.3305848663163984957","0.2226840091802574362","1386","tags=36%, list=11%, signal=32%","PARP14/PARP9/DTX3L/PARP11/STAT1","0.3524878575836192"
"WP_APOPTOSIS_MODULATION_BY_HSP70","WP_APOPTOSIS_MODULATION_BY_HSP70","17","0.5441969180677961","1.619359809339066","0.0218625287438106337412","0.3154372585946622065","0.2124804869968260623","1248","tags=41%, list=10%, signal=37%","APAF1/MAP3K1/FAS/CASP8/CYCS/CASP7/CASP3","0.3524878575836192"
"WP_DOPAMINE_METABOLISM","WP_DOPAMINE_METABOLISM","7","-0.7228594360186813","-1.607470501212981","0.0347245595363305029069","0.3882849356439145860","0.2615511325032367496","1727","tags=57%, list=14%, signal=49%","PPP2CB/SOD1/DDC/PRKACA","0.3217759180753611"
"WP_TGFB_SMAD_SIGNALING","WP_TGFB_SMAD_SIGNALING","10","0.6290890271384982","1.599709620322669","0.0357548079001095420182","0.3916002770011997591","0.2637843669324703155","2051","tags=50%, list=17%, signal=42%","CCN2/SMAD4/TGFBR3/TGFBR1/SMAD2","0.3217759180753611"
"WP_RNAPOLYMERASE_II_TRANSCRIPTION_THE_PREINITIATION_COMPLEX","WP_RNAPOLYMERASE_II_TRANSCRIPTION_THE_PREINITIATION_COMPLEX","68","-0.4070454270775258","-1.596416969525420","0.0083837727907441657316","0.2142519713190175756","0.1443214520970517167","3317","tags=47%, list=27%, signal=35%","TAF4/POLR2A/TAF9/POLR2C/MED19/TBP/POLR2D/MED30/MED14/TAF6/MED22/CTDP1/MED15/MED25/MED10/POLR2L/POLR2F/POLR2I/NELFA/POLR2G/MED27/GTF2F1/MED20/MED26/MED16/NELFE/MED8/ELK1/MED18/POLR2E/MED24/NELFB","0.3807304007227924"
"WP_SYNAPTIC_VESICLE_PATHWAY","WP_SYNAPTIC_VESICLE_PATHWAY","30","-0.4864164842561166","-1.595478330778419","0.0146356127206673618246","0.2838141012065702462","0.1911789327285225992","2427","tags=40%, list=20%, signal=32%","SLC18A2/PARK7/SYP/DNM2/NAPA/AP2M1/UNC13A/AP2S1/STX1A/CLTA/AP2A1/AP2B1","0.3807304007227924"
"WP_MITOCHONDRIAL_COMPLEX_I_ASSEMBLY_MODEL_OXPHOS_SYSTEM","WP_MITOCHONDRIAL_COMPLEX_I_ASSEMBLY_MODEL_OXPHOS_SYSTEM","55","-0.4291976170787775","-1.592098430521236","0.0101619077254262082238","0.2397167976254387656","0.1614747164862494200","3769","tags=45%, list=31%, signal=32%","NDUFB4/NDUFA6/NDUFS6/NDUFA10/ECSIT/NDUFB11/NDUFA3/TMEM70/NDUFA1/NDUFS3/NDUFB9/DMAC1/NDUFA8/NDUFB10/NDUFB3/NDUFS2/NDUFC1/DMAC2/NDUFAB1/NDUFS5/NDUFB2/NDUFAF3/NDUFB6/NDUFV1/NDUFB7","0.3807304007227924"
"WP_EBSTEINBARR_VIRUS_LMP1_SIGNALING","WP_EBSTEINBARR_VIRUS_LMP1_SIGNALING","20","-0.5309756175465101","-1.587652461081507","0.0231853342997061437347","0.3183657844138754189","0.2144531600888427425","1884","tags=35%, list=15%, signal=30%","IKBKG/NFKB2/PDLIM7/MAP3K3/RELA/IRAK1/MAP3K14","0.3524878575836192"
"WP_NICOTINE_EFFECT_ON_DOPAMINERGIC_NEURONS","WP_NICOTINE_EFFECT_ON_DOPAMINERGIC_NEURONS","10","-0.6624221034937419","-1.586979730625639","0.0292456891696366329259","0.3652595041358172034","0.2460410595272367329","2427","tags=60%, list=20%, signal=48%","SLC18A2/CDK5/DDC/PRKACA/GNB1/PPP1CA","0.3524878575836192"
"WP_BONE_MORPHOGENIC_PROTEIN_SIGNALING_AND_REGULATION","WP_BONE_MORPHOGENIC_PROTEIN_SIGNALING_AND_REGULATION","9","0.6536861990555138","1.585360989175023","0.0392485445761619478056","0.4198681512798719817","0.2828257817604362678","2218","tags=67%, list=18%, signal=55%","SMAD6/SMAD4/BMPR2/BMPR1A/SMAD1/RUNX2","0.3217759180753611"
"WP_17P133_YWHAE_COPY_NUMBER_VARIATION","WP_17P133_YWHAE_COPY_NUMBER_VARIATION","19","-0.5393804395540365","-1.584774947087810","0.0196333620834437741487","0.3098707689742624116","0.2087308651839976936","2313","tags=53%, list=19%, signal=43%","DCTN3/YWHAQ/DCTN2/NDEL1/YWHAE/CDK5/YWHAH/DCTN5/DDC/DCTN1","0.3524878575836192"
"WP_MIRNA_REGULATION_OF_P53_PATHWAY_IN_PROSTATE_CANCER","WP_MIRNA_REGULATION_OF_P53_PATHWAY_IN_PROSTATE_CANCER","23","0.4932295714976512","1.576378067370606","0.0230017658964396208565","0.3183657844138754189","0.2144531600888427425","1248","tags=30%, list=10%, signal=27%","APAF1/PMAIP1/CASP8/ATM/ZMAT3/PTEN/CASP3","0.3524878575836192"
"WP_CELLS_AND_MOLECULES_INVOLVED_IN_LOCAL_ACUTE_INFLAMMATORY_RESPONSE","WP_CELLS_AND_MOLECULES_INVOLVED_IN_LOCAL_ACUTE_INFLAMMATORY_RESPONSE","6","0.7375151497595205","1.575876468066007","0.0339738804726761184360","0.3858761732699015901","0.2599285752803831007","1870","tags=67%, list=15%, signal=57%","C5/IL6/CXCL8/C3","0.3217759180753611"
"WP_COVID19_ADVERSE_OUTCOME_PATHWAY","WP_COVID19_ADVERSE_OUTCOME_PATHWAY","6","0.7364695924700421","1.573642386326749","0.0350300539765705590267","0.3882849356439145860","0.2615511325032367496","2365","tags=83%, list=19%, signal=67%","IL6/CCL2/CXCL8/CXCL10/IL7","0.3217759180753611"
"WP_UDPDERIVED_SUGARS_SYNTHESIS_IN_FIBROBLASTS","WP_UDPDERIVED_SUGARS_SYNTHESIS_IN_FIBROBLASTS","9","0.6483549281514045","1.572431254806589","0.0441986850475399456473","0.4568852836374915904","0.3077607509064878011","3725","tags=78%, list=30%, signal=54%","PGM1/HK2/GFPT1/UGDH/UXS1/GPI/PGM3","0.3217759180753611"
"WP_MONOAMINE_TRANSPORT","WP_MONOAMINE_TRANSPORT","15","-0.5805954547599994","-1.568803802488829","0.0260618813497694341852","0.3474917513302591132","0.2340725914211418401","3125","tags=60%, list=25%, signal=45%","SCAMP2/CDC25C/ADORA2A/IL1R1/PPP2CB/TGFB1I1/ACHE/STX1A/NECTIN2","0.3524878575836192"
"WP_DDX1_AS_A_REGULATORY_COMPONENT_OF_THE_DROSHA_MICROPROCESSOR","WP_DDX1_AS_A_REGULATORY_COMPONENT_OF_THE_DROSHA_MICROPROCESSOR","7","0.7071691221745617","1.566584724742730","0.0496485693369697819732","0.4859221679788531811","0.3273201756656637373","439","tags=29%, list=4%, signal=28%","NBN/ATM","0.3217759180753611"
"WP_INHIBITION_OF_GNAQREGULATED_SIGNALING_IN_UVEAL_MELANOMA","WP_INHIBITION_OF_GNAQREGULATED_SIGNALING_IN_UVEAL_MELANOMA","32","0.4397071612580554","1.555007234197843","0.0283606321344619799474","0.3652595041358172034","0.2460410595272367329","1664","tags=34%, list=14%, signal=30%","AKT3/GNAQ/TSC1/YAP1/TEAD1/MOB1A/PTK2/PIK3CA/LATS1/PLCB1/PIK3R1","0.3524878575836192"
"WP_IRONSULFUR_CLUSTER_BIOGENESIS","WP_IRONSULFUR_CLUSTER_BIOGENESIS","15","-0.5744154246705024","-1.552104989874277","0.0495575221238938046220","0.4859221679788531811","0.3273201756656637373","2048","tags=47%, list=17%, signal=39%","ISCU/NUBP1/GLRX5/FDX1/NFS1/NUBP2/CIAO2B","0.2712885546889530"
"WP_2Q37_COPY_NUMBER_VARIATION_SYNDROME","WP_2Q37_COPY_NUMBER_VARIATION_SYNDROME","88","-0.3787626486280107","-1.531662853411716","0.0109719724153966996516","0.2462003566381698316","0.1658420819098375687","3046","tags=36%, list=25%, signal=28%","STK25/CENPA/GABARAPL2/HJURP/ILK/RNPEPL1/ITPK1/CAPN10/COPS9/PPP1R7/ARL4C/ILKAP/MAP4/EGFR/DTYMK/PDGFA/ATG4B/HES1/NEDD8/ERFE/DGKD/BOK/CYTH3/MAP1LC3B/SH3BP4/ARF1/THAP4/LRRFIP1/MAP1LC3A/ARF5/HES6/GPC1","0.3807304007227924"
"WP_COPPER_HOMEOSTASIS","WP_COPPER_HOMEOSTASIS","45","0.4109525661119218","1.526937934648849","0.0158658624305106632502","0.2925162430681247372","0.1970407492713635300","1290","tags=27%, list=10%, signal=24%","FOXO1/ADAM10/SLC11A2/XAF1/ATP7A/STEAP2/PTEN/XIAP/SLC31A1/CASP3/PIK3CA/SP1","0.3524878575836192"
"WP_PHYSICOCHEMICAL_FEATURES_AND_TOXICITYASSOCIATED_PATHWAYS","WP_PHYSICOCHEMICAL_FEATURES_AND_TOXICITYASSOCIATED_PATHWAYS","54","-0.4087124912371664","-1.518553338026045","0.0182919750161929482724","0.3029422093187772447","0.2040637445770569214","2273","tags=31%, list=18%, signal=26%","FZD2/EGFR/FZD1/AKT1/CDKN1A/MAP2K1/SOD1/ERBB2/TMSB4X/MYC/ELK1/FZD8/AXIN1/DVL1/PFN1/GPX1/FZD9","0.3524878575836192"
"WP_GLUCOCORTICOID_RECEPTOR_PATHWAY","WP_GLUCOCORTICOID_RECEPTOR_PATHWAY","54","0.3901628224613605","1.517723068567159","0.0158976219058763468261","0.2925162430681247372","0.1970407492713635300","2757","tags=41%, list=22%, signal=32%","PLK2/SPRY1/CAVIN2/BIRC2/EPB41L4B/SRGN/CCL2/TGFBR3/PDE4B/FGFBP1/BIRC3/RGS2/FGD4/SLC26A2/ENC1/DNER/KTN1/SCNN1A/ARL5B/ZIC2/NAV3/DNAJC15","0.3524878575836192"
"WP_ALZHEIMERS_DISEASE","WP_ALZHEIMERS_DISEASE","209","-0.3293166390766046","-1.514050165845368","0.0036599047915038475549","0.1260278283005092370","0.0848931240771876316","2625","tags=34%, list=21%, signal=28%","CSNK2A2/ATP2A2/ARAF/TRAF2/TUBB/CDK5R1/IRS2/FZD2/PSMD6/MCU/PSMB5/DVL3/PSMC1/PSMD13/TUBA1B/PPID/PSMC3/FZD1/NOS2/KLC3/PSENEN/TUBB4B/EIF2S1/PSMA5/WNT7B/HRAS/AKT1/CAPN1/MTOR/TUBB3/PSMA3/DVL2/PSMB1/PSMC5/CDK5/PSMD4/MAP2K7/CSNK1A1/MAP2K1/AKT2/CSNK2B/HSD17B10/PSMB2/FADD/LRP5/CALM3/APH1A/PSMB7/TUBA1C/PPP3CC/ATF4/PSMD2/PSMB4/PSMC4/SLC25A5/ATG101/RELA/ADRM1/KLC2/FZD8/PSMA7/TUBB6/PSMD8/PSMD3/TUBB2A/RTN4/PSMB6/PSMB3/AXIN1/DVL1/CAPN2/FZD9","0.4317076958033464"
"WP_ALZHEIMERS_DISEASE_AND_MIRNA_EFFECTS","WP_ALZHEIMERS_DISEASE_AND_MIRNA_EFFECTS","209","-0.3293166390766046","-1.514050165845368","0.0036599047915038475549","0.1260278283005092370","0.0848931240771876316","2625","tags=34%, list=21%, signal=28%","CSNK2A2/ATP2A2/ARAF/TRAF2/TUBB/CDK5R1/IRS2/FZD2/PSMD6/MCU/PSMB5/DVL3/PSMC1/PSMD13/TUBA1B/PPID/PSMC3/FZD1/NOS2/KLC3/PSENEN/TUBB4B/EIF2S1/PSMA5/WNT7B/HRAS/AKT1/CAPN1/MTOR/TUBB3/PSMA3/DVL2/PSMB1/PSMC5/CDK5/PSMD4/MAP2K7/CSNK1A1/MAP2K1/AKT2/CSNK2B/HSD17B10/PSMB2/FADD/LRP5/CALM3/APH1A/PSMB7/TUBA1C/PPP3CC/ATF4/PSMD2/PSMB4/PSMC4/SLC25A5/ATG101/RELA/ADRM1/KLC2/FZD8/PSMA7/TUBB6/PSMD8/PSMD3/TUBB2A/RTN4/PSMB6/PSMB3/AXIN1/DVL1/CAPN2/FZD9","0.4317076958033464"
"WP_BURN_WOUND_HEALING","WP_BURN_WOUND_HEALING","55","-0.4067716370439720","-1.508909786885870","0.0194899583280209801051","0.3098707689742624116","0.2087308651839976936","1401","tags=25%, list=11%, signal=23%","FGFR3/CNN2/CDK16/BAX/ACHE/S100A11/SERPINH1/KLF4/INHBA/TIMP1/PFN1/LGALS1/VIM/COL1A2","0.3524878575836192"
"WP_PI3KAKTMTOR_SIGNALING_AND_THERAPEUTIC_OPPORTUNITIES_IN_PROSTATE_CANCER","WP_PI3KAKTMTOR_SIGNALING_AND_THERAPEUTIC_OPPORTUNITIES_IN_PROSTATE_CANCER","30","0.4461674109304721","1.507652219288862","0.0312420560607233575856","0.3760389774441476596","0.2533021793718855386","1874","tags=30%, list=15%, signal=25%","FOXO1/PDK1/RICTOR/KRAS/PTEN/PIK3CA/CDKN1B/PIK3R1/GSK3B","0.3524878575836192"
"WP_16P112_PROXIMAL_DELETION_SYNDROME","WP_16P112_PROXIMAL_DELETION_SYNDROME","65","-0.3926014804564060","-1.504646956051734","0.0177063953303528039129","0.3029422093187772447","0.2040637445770569214","3064","tags=42%, list=25%, signal=31%","HDAC3/HIRIP3/KIF22/CORO1A/CDIPT/HIRA/CCT8/TRAF2/TBX6/EZR/INO80E/CCT6A/PPP2CB/ALDOA/PPP2R5D/TAOK2/UNC13A/CCT2/TCP1/CCT7/MAZ/CCT5/PPP2R1A/CCT4/PPP4C/NR3C1/MAP2K3","0.3524878575836192"
"WP_INTRACELLULAR_TRAFFICKING_PROTEINS_INVOLVED_IN_CMT_NEUROPATHY","WP_INTRACELLULAR_TRAFFICKING_PROTEINS_INVOLVED_IN_CMT_NEUROPATHY","23","-0.4937439974813450","-1.504578068305201","0.0470383275261324063088","0.4703832752613240631","0.3168530814906705406","2214","tags=43%, list=18%, signal=36%","EGR2/RAB3B/DNM2/MTMR2/RABAC1/SH3TC2/RAB7A/RAB11B/MFN2/HSPB1","0.2765005992544716"
"WP_TRANSCRIPTION_ACTIVATION_RNAPOLYMERASE_I_AND_KAT2AB_AND_INHIBITION_NURD_COMPLEX","WP_TRANSCRIPTION_ACTIVATION_RNAPOLYMERASE_I_AND_KAT2AB_AND_INHIBITION_NURD_COMPLEX","61","-0.3969946116350500","-1.487193500810007","0.0202333564068675510195","0.3102447982386358216","0.2089828136082237942","4099","tags=59%, list=33%, signal=40%","TAF1C/ASF1B/POLR1D/H2AZ2/H2BC12/H2BC26/CREBBP/MAPK3/H4C9/H4C3/H2BC13/EP400/H3-3B/H2AZ1/UBTF/H4C5/MTA1/TBP/H2AX/H2BC4/H2BC9/H2AC8/MBD2/H2BC11/H4C8/H2BC21/SRCAP/MBD3/H2BC17/MTA2/PWWP2B/GATAD2A/SIRT7/H2AC6/H2BC5/CHD4","0.3524878575836192"
"WP_COMPLEMENT_SYSTEM_IN_NEURONAL_DEVELOPMENT_AND_PLASTICITY","WP_COMPLEMENT_SYSTEM_IN_NEURONAL_DEVELOPMENT_AND_PLASTICITY","66","0.3689881763226370","1.485804577477337","0.0225358324741424184690","0.3183657844138754189","0.2144531600888427425","1332","tags=26%, list=11%, signal=23%","CD46/PARD6B/PLSCR1/APAF1/FAS/CASP8/C5/CYCS/PLSCR4/XIAP/CASP7/ITGAV/C1S/ATP8B2/CFI/CASP3/C1R","0.3524878575836192"
"WP_SARSCOV2_INNATE_IMMUNITY_EVASION_AND_CELLSPECIFIC_IMMUNE_RESPONSE","WP_SARSCOV2_INNATE_IMMUNITY_EVASION_AND_CELLSPECIFIC_IMMUNE_RESPONSE","46","0.3953461299945555","1.485023165539968","0.0207395850911945636708","0.3127937423589999821","0.2106997981218339255","2146","tags=35%, list=17%, signal=29%","STAT2/CXCL2/CASP8/DHX58/TBK1/IL6/CCL2/TANK/CXCL8/AP1G1/STAT1/CXCL1/IFIT2/CCL5/RIPK1/CXCL10","0.3524878575836192"
"WP_HEPATITIS_C_AND_HEPATOCELLULAR_CARCINOMA","WP_HEPATITIS_C_AND_HEPATOCELLULAR_CARCINOMA","41","0.3951224214322414","1.468543724577043","0.0326990415168824030689","0.3760389774441476596","0.2533021793718855386","1798","tags=29%, list=15%, signal=25%","HIF1A/IL6/SMAD4/CXCL8/CASP7/VEGFA/PODXL/CASP3/BIRC3/VAV2/SOS1/TGFBR1","0.3217759180753611"
"WP_APOPTOSIS","WP_APOPTOSIS","74","0.3532606207553388","1.468150781155957","0.0126843905682955480213","0.2593253182851534278","0.1746831371960469448","1979","tags=31%, list=16%, signal=26%","BNIP3L/HELLS/BIRC2/CFLAR/APAF1/MAP3K1/PMAIP1/FAS/CASP8/CYCS/XIAP/CASP7/HRK/BCL2/TNFSF10/CASP3/BIRC3/BCL2L11/SCAF11/PIK3R1/IRF2/CASP10/RIPK1","0.3807304007227924"
"WP_HOSTPATHOGEN_INTERACTION_OF_HUMAN_CORONAVIRUSES_INTERFERON_INDUCTION","WP_HOSTPATHOGEN_INTERACTION_OF_HUMAN_CORONAVIRUSES_INTERFERON_INDUCTION","31","0.4323618109915079","1.447842829059860","0.0422191912986696130106","0.4464558160319085922","0.3007353970664725096","4679","tags=58%, list=38%, signal=36%","STAT2/EIF2AK2/TBK1/STAT1/OAS3/RIPK1/OAS2/TRAF3/IFNAR1/OAS1/IFNAR2/FOS/RIGI/MAP3K7/NFKB1/IKBKB/IRF9/IFIH1","0.3217759180753611"
"WP_SMALL_CELL_LUNG_CANCER","WP_SMALL_CELL_LUNG_CANCER","80","0.3377560503342943","1.440007549862380","0.0148076922368645322314","0.2838141012065702462","0.1911789327285225992","2212","tags=32%, list=18%, signal=27%","AKT3/BIRC2/APAF1/CASP8/CYCS/ITGA6/RB1/PTEN/POLK/ITGAV/BCL2/E2F3/CASP3/PTK2/PIK3CA/FN1/CDKN1B/BIRC3/PIK3R1/LAMA5/CCNE1/LAMB1/CCNE2/LAMB2/DDB2/ITGA2","0.3807304007227924"
"WP_MRNA_PROCESSING","WP_MRNA_PROCESSING","122","-0.3354019351377897","-1.433960639814319","0.0167215987826883072387","0.2958436707706392776","0.1992821251374451152","2624","tags=31%, list=21%, signal=25%","U2AF1/CLASRP/HNRNPM/HNRNPL/PRMT2/CLP1/CSTF2/PRPF8/SF3A3/CD2BP2/DHX38/SF3A2/EFTUD2/SF3B2/PPM1G/SFSWAP/DHX16/YBX1/DHX8/CSTF2T/SNRPB2/PRMT1/PTBP1/CLK3/SF3A1/RNPS1/HNRNPAB/LSM2/SF3B4/LSM7/SNRPD2/PRPF6/PRPF4/SNRPB/U2AF2/SUPT5H/SF3B5/SNRPA","0.3524878575836192"
"WP_SELENIUM_MICRONUTRIENT_NETWORK","WP_SELENIUM_MICRONUTRIENT_NETWORK","52","-0.3929679939476945","-1.431166566232205","0.0451388888888888881179","0.4614197530864196928","0.3108151975532568168","1945","tags=29%, list=16%, signal=24%","GPX3/NFKB2/LDLR/PRDX4/PRDX2/GSR/SELENON/SELENOS/SOD1/SELENOO/MSRB1/RELA/SELENOW/GPX4/GPX1","0.2820133500117251"
"WP_CORTICOTROPINRELEASING_HORMONE_SIGNALING","WP_CORTICOTROPINRELEASING_HORMONE_SIGNALING","65","-0.3733611416774532","-1.430908270340461","0.0467625899280575546557","0.4703832752613240631","0.3168530814906705406","1965","tags=29%, list=16%, signal=25%","JUP/NR4A1/RAP1B/AKT1/GNAI2/MAP2K1/TRIM28/JUND/FOSL1/GNAS/RELA/TGFB1/ELK1/GNB1/PRKCD/GNA11/GRK6/GNB2/JUNB","0.2820133500117251"
"WP_EGFR_TYROSINE_KINASE_INHIBITOR_RESISTANCE","WP_EGFR_TYROSINE_KINASE_INHIBITOR_RESISTANCE","72","0.3397870828182642","1.423283259352582","0.0310833241713423281960","0.3760389774441476596","0.2533021793718855386","1874","tags=28%, list=15%, signal=24%","AKT3/SOS2/SHC3/GAB1/IL6/JAK2/BRAF/KRAS/PTEN/VEGFA/BCL2/NF1/PIK3CA/PDGFRB/BCL2L11/EGF/PIK3R1/SOS1/TGFA/GSK3B","0.3524878575836192"
"WP_MIRTARGETED_GENES_IN_LEUKOCYTES","WP_MIRTARGETED_GENES_IN_LEUKOCYTES","119","-0.3343531031495675","-1.422402113674572","0.0163067994330402254999","0.2941618721254314894","0.1981492551754234499","3168","tags=35%, list=26%, signal=26%","POM121/PHC2/TMEM109/POLR2C/MRPL20/CTNNB1/PKM/CDIPT/SLC7A6/ATP2A2/HNRNPM/ATP6V1F/CDCP1/YWHAQ/LMNB2/SLC1A4/PDLIM5/MCL1/DNAJB1/ARHGDIA/GNAI2/PISD/GAK/SH3BGRL3/SLC25A1/RAB5C/CTSC/ANXA2/CORO1C/RHOG/CEBPB/SAC3D1/TPM3/TUSC2/PTPA/RTN4/SCYL1/AP3D1/PLXND1/CAP1/CAPG/HMGA1","0.3524878575836192"
"WP_CALCIUM_REGULATION_IN_CARDIAC_CELLS","WP_CALCIUM_REGULATION_IN_CARDIAC_CELLS","86","-0.3512958420561893","-1.422359733510513","0.0323784134748945559568","0.3760389774441476596","0.2533021793718855386","1918","tags=24%, list=16%, signal=21%","GNG5/GNAI3/YWHAE/GNAI2/GRK4/YWHAH/ANXA6/RGS14/ATP2B1/CALM3/RGS10/GNAS/PRKACA/CAMK2D/GNB1/PRKCD/GNA11/GRK6/GNB2/GJB3/SFN","0.3217759180753611"
"WP_IL18_SIGNALING","WP_IL18_SIGNALING","197","-0.3033633194389804","-1.388851867854592","0.0145949826738106212820","0.2838141012065702462","0.1911789327285225992","2261","tags=26%, list=18%, signal=21%","ARL4D/RAE1/LMNB2/PRCC/IMP3/ZC3H12A/PKN1/ZNF444/AARS1/BPGM/NR4A1/NFKB2/NOS2/CD81/STOML1/MEPCE/RUSC1/MTCH1/PYGB/BSG/MAP2K7/NSMF/KITLG/RANGAP1/ABCF1/HDGF/FADD/CCDC9/PIGT/NDUFC1/BAX/ZBTB7A/USP5/ACADS/CEBPB/TMSB4X/CLDN4/RELA/NFKBIE/PRKCD/PTMS/CENPB/HSPB1/IRAK1/LRRFIP1/TIMP1/IER3/TOMM40/CLDN3/SOCS3/COL1A2","0.3807304007227924"
"WP_MEASLES_VIRUS_INFECTION","WP_MEASLES_VIRUS_INFECTION","98","0.3131849417460531","1.384506030163672","0.0274102295614552307623","0.3602487313791258861","0.2426657720284940978","1966","tags=22%, list=16%, signal=19%","CD46/STAT2/TLR2/EIF2AK2/CCND2/APAF1/FAS/CASP8/TBK1/IL6/CYCS/TAB2/BCL2/CASP3/PIK3CA/IRAK4/STAT1/CDKN1B/PIK3R1/CCNE1/CCNE2/OAS3","0.3524878575836192"
"WP_CLEAR_CELL_RENAL_CELL_CARCINOMA_PATHWAYS","WP_CLEAR_CELL_RENAL_CELL_CARCINOMA_PATHWAYS","69","0.3348444034466458","1.359618157692807","0.0438735645127959553169","0.4568852836374915904","0.3077607509064878011","1314","tags=19%, list=11%, signal=17%","HIF1A/CEP290/ENO2/CDH13/PGK1/RAPGEF5/TSC1/PTEN/VEGFA/LDHB/PGM1/HK2/PDGFRB","0.3217759180753611"
"WP_GLIOBLASTOMA_SIGNALING","WP_GLIOBLASTOMA_SIGNALING","76","0.3248948900128461","1.358116640409689","0.0374191839114319663162","0.4050076376296166125","0.2728156479179825733","1402","tags=21%, list=11%, signal=19%","AKT3/PRKCH/FOXO1/CCND2/PIK3C2A/TSC1/ATM/GAB1/BRAF/RB1/KRAS/PTEN/NF1/PIK3CA/PDGFRB/CDKN1B","0.3217759180753611"
"WP_ENDODERM_DIFFERENTIATION","WP_ENDODERM_DIFFERENTIATION","103","0.3043228045714329","1.344168708922017","0.0316342633575174350669","0.3760389774441476596","0.2533021793718855386","3503","tags=43%, list=28%, signal=31%","FOXO1/GLI2/ELK4/BTAF1/RFX7/PHF6/ZIC5/BPTF/CDC73/SMAD4/PARP8/TRIM5/BMPR1A/MBTD1/ASCC3/LRPPRC/CUL4B/UBR5/CTR9/ATP8B2/STAT1/EXT1/ZNF462/DUSP4/SESN1/SMAD2/APC/AEBP2/DIP2A/LAMC1/EMSY/TET1/PAX9/WDFY2/KDM4A/POU5F1/CAND1/WWC1/PIAS1/LEF1/EPB41L5/DDAH1/FOXN3/TNRC6C","0.3217759180753611"
"WP_HEPATITIS_B_INFECTION","WP_HEPATITIS_B_INFECTION","123","0.2961278500377392","1.326199533692304","0.0289310593753201658607","0.3652595041358172034","0.2460410595272367329","1897","tags=24%, list=15%, signal=21%","AKT3/STAT2/SOS2/TLR2/APAF1/NFATC4/MAP3K1/FAS/CASP8/TLR3/TBK1/IL6/CYCS/JAK2/BRAF/SMAD4/KRAS/CXCL8/CREB1/TAB2/BCL2/CASP3/PIK3CA/IRAK4/STAT1/TIRAP/PIK3R1/SOS1/TGFBR1/CASP10","0.3524878575836192"
"WP_GLP1_SECRETION_FROM_INTESTINE_TO_PORTAL_VEIN","WP_GLP1_SECRETION_FROM_INTESTINE_TO_PORTAL_VEIN","1","0.9823051948051948","1.297369317768496","0.0321574551800775931820","0.3760389774441476596","0.2533021793718855386","219","tags=100%, list=2%, signal=98%","GNAQ","0.3217759180753611"
"WP_NETWORK_MAP_OF_SARSCOV2_SIGNALING","WP_NETWORK_MAP_OF_SARSCOV2_SIGNALING","168","0.2654778776839842","1.274646427436579","0.0293795688109244300390","0.3652595041358172034","0.2460410595272367329","2408","tags=27%, list=20%, signal=22%","HIF1A/CXCL2/SMAD5/UGGT2/EIF4A2/MIB1/G3BP1/IFIT1/VPS41/CASP8/IFI44L/TBK1/IL6/JAK2/DDIT4/CCL2/COL7A1/CXCL8/VPS36/DUSP1/C1S/CFI/TNFSF10/NEK9/CASP3/C1R/FN1/STAT1/CAMK4/ATP13A3/CXCL1/SMAD1/BTN3A1/CARD11/CCL5/HLA-DRB1/ITCH/ATE1/CXCL10/MOV10/ERLEC1/OAS2/SRP19/IL7/APOC1","0.3524878575836192"
NA,NA,NA,NA,NA,NA,NA,NA,NA,NA,"",NA
NA,NA,NA,NA,NA,NA,NA,NA,NA,NA,"",NA
NA,NA,NA,NA,NA,NA,NA,NA,NA,NA,"",NA
NA,NA,NA,NA,NA,NA,NA,NA,NA,NA,"",NA
